{"skeleton":[{"name":"root","parent":"root","initpos":[0.0,0.0,-0.0],"initquaternion":[0.0,-0.0,0.707106,0.707106],"initscale":[1.0,1.0,1.0],"offmtx":[[1.0,0.0,0.0,0.0],[0.0,1.0,0.0,0.0],[0.0,0.0,1.0,0.0]],"boundingbox":[[0.0,0.0,0.0],[0.0,0.0,0.0]]},{"name":"waist","parent":"root","initpos":[21.217575,0.000006,-0.0],"initquaternion":[0.001814,0.207903,0.008535,0.97811],"initscale":[1.0,1.0,1.0],"offmtx":[[1.0,0.0,0.0,0.0],[0.0,1.0,0.0,0.0],[0.0,0.0,1.0,0.0]],"boundingbox":[[0.0,0.0,0.0],[0.0,0.0,0.0]]},{"name":"up","parent":"waist","initpos":[0.0,0.0,-0.0],"initquaternion":[0.000001,0.0,0.002304,0.999997],"initscale":[1.0,1.0,1.0],"offmtx":[[1.0,0.0,0.0,0.0],[0.0,1.0,0.0,0.0],[0.0,0.0,1.0,0.0]],"boundingbox":[[0.0,0.0,0.0],[0.0,0.0,0.0]]},{"name":"spine","parent":"up","initpos":[-0.054458,0.00025,-0.0],"initquaternion":[0.06105,-0.042647,-0.021466,0.996992],"initscale":[0.999999,0.999999,0.999999],"offmtx":[[3.1391647326017848e-7,1.0,0.0,-12.055663],[-1.0,3.1391647326017848e-7,-2.1259073434976018e-7,-0.000003],[-2.125907627714696e-7,0.0,1.0,-0.0]],"boundingbox":[[-0.003066,-4.068001,-6.370863],[12.115654,4.12297,2.07391]]},{"name":"head","parent":"spine","initpos":[12.113201,0.000003,-0.0],"initquaternion":[-0.032317,-0.096221,0.0095,0.994789],"initscale":[0.999999,0.999999,1.0],"offmtx":[[3.1391647326017848e-7,1.0,0.0,-24.168869],[-1.0,3.1391647326017848e-7,-2.1259073434976018e-7,-0.000007],[-2.125907627714696e-7,0.0,1.0,-0.0]],"boundingbox":[[-0.058084,-4.24,-4.239997],[9.481914,4.240004,4.240005]]},{"name":"r_arm","parent":"spine","initpos":[10.092721,6.354538,0.000001],"initquaternion":[-0.005179,-0.02527,0.99306,0.114738],"initscale":[1.0,1.0,1.0],"offmtx":[[4.1075077206187418e-7,-1.0,0.0,22.148389],[1.0,4.1075077206187418e-7,0.000008,6.354525],[-0.000008,-0.0,1.0,-0.000055]],"boundingbox":[[-1.953388,-2.730561,-3.029816],[16.10235,2.317081,3.059091]]},{"name":"rightitem","parent":"r_arm","initpos":[8.669376,-0.000004,-9.5367431640625e-7],"initquaternion":[0.0,0.0,0.0,1.0],"initscale":[1.0,1.0,1.0],"offmtx":[[4.0127719103111306e-7,-1.0,0.000007,13.479015],[1.0,4.012892986793304e-7,0.000001,6.354528],[-0.000001,0.000007,1.0,-0.000106]],"boundingbox":[[-4.000148,-0.500867,-13.965134],[3.999908,0.500853,0.000006]]},{"name":"l_arm","parent":"spine","initpos":[10.092723,-6.324218,-0.000002],"initquaternion":[-0.003809,0.156398,0.982578,-0.100325],"initscale":[0.999999,1.0,0.999999],"offmtx":[[4.1075077206187418e-7,-1.0,0.0,22.148386],[1.0,4.1075077206187418e-7,0.000008,-6.324229],[-0.000008,-0.0,1.0,0.000055]],"boundingbox":[[-2.077863,-2.286801,-3.029776],[16.102352,2.760815,3.059107]]},{"name":"l_wing01","parent":"spine","initpos":[9.803489,-1.678859,2.615913],"initquaternion":[-0.361334,0.173022,-0.491073,0.773529],"initscale":[1.0,1.0,1.0],"offmtx":[[0.979059,0.203574,0.000004,-6.093685],[-0.203574,0.979059,0.000003,-21.059646],[-0.000003,-0.000004,1.0,-2.615817]],"boundingbox":[[-0.304352,-6.909227,-0.476523],[9.985565,1.303182,0.538939]]},{"name":"l_wing02","parent":"l_wing01","initpos":[7.771038,-9.5367431640625e-7,-0.000001],"initquaternion":[-0.389642,-0.146995,0.297648,0.859055],"initscale":[0.999999,1.0,0.999999],"offmtx":[[0.740342,0.672229,0.000005,-22.633533],[-0.672229,0.740342,5.556007636187132e-7,-11.111369],[-0.000003,-0.000004,1.0,-2.615816]],"boundingbox":[[-1.21425,-14.399624,-0.498292],[3.564725,0.890271,0.505875]]},{"name":"l_wing03","parent":"l_wing02","initpos":[6.19839,0.000007,-0.000007],"initquaternion":[-0.037958,-0.105341,-0.567087,0.816011],"initscale":[1.0,1.0,1.0],"offmtx":[[0.877844,-0.478946,0.000001,1.041635],[0.478946,0.877844,0.000005,-30.881347],[-0.000003,-0.000004,1.0,-2.61581]],"boundingbox":[[0.793923,-1.824003,-0.555181],[15.086457,2.949949,0.449869]]},{"name":"l_wing04","parent":"l_wing02","initpos":[1.8145,-1.019765,-0.000009],"initquaternion":[-0.005071,-0.086025,-0.747176,0.659015],"initscale":[0.999999,1.0,0.999999],"offmtx":[[0.580606,-0.814184,7.979741667440976e-7,12.893666],[0.814184,0.580606,0.000005,-23.093292],[-0.000004,-0.000002,1.0,-2.615835]],"boundingbox":[[-4.154849,-0.039024,-0.532664],[21.67098,8.927429,0.475838]]},{"name":"r_wing01","parent":"spine","initpos":[9.803489,1.775918,2.615913],"initquaternion":[0.403578,0.182374,0.505179,0.740714],"initscale":[1.0,1.0,1.0],"offmtx":[[-0.979059,0.203574,0.000004,-6.188706],[-0.203574,-0.979059,-0.000003,21.039888],[0.000003,-0.000004,1.0,-2.615803]],"boundingbox":[[-0.399378,-1.322937,-0.479383],[9.890548,6.889467,0.53397]]},{"name":"r_wing02","parent":"r_wing01","initpos":[7.771038,-9.5367431640625e-7,-0.0],"initquaternion":[0.253593,-0.20958,-0.284195,0.900555],"initscale":[0.999999,1.0,1.0],"offmtx":[[-0.740342,0.672229,0.000005,-22.705383],[-0.672229,-0.740343,-5.335039645615325e-7,11.046133],[0.000003,-0.000004,1.0,-2.615808]],"boundingbox":[[-1.286104,-0.955513,-0.503048],[3.492879,14.334378,0.501111]]},{"name":"r_wing03","parent":"r_wing02","initpos":[1.814504,1.019765,-0.000008],"initquaternion":[0.038024,-0.034662,0.738761,0.672],"initscale":[1.0,0.999999,1.0],"offmtx":[[-0.580606,-0.814184,3.601271885145252e-7,12.83731],[0.814184,-0.580606,-0.000005,23.172313],[0.000004,-0.000003,1.0,-2.615817]],"boundingbox":[[-4.211192,-8.848403,-0.530013],[21.614639,0.118045,0.478625]]},{"name":"r_wing04","parent":"r_wing02","initpos":[6.198392,-0.000011,-0.000006],"initquaternion":[0.020255,-0.027411,0.562032,0.826412],"initscale":[1.0,1.0,1.0],"offmtx":[[-0.877844,-0.478946,9.498327813162177e-7,0.956433],[0.478946,-0.877844,-0.000005,30.927839],[0.000003,-0.000004,1.0,-2.615815]],"boundingbox":[[0.708725,-2.903467,-0.566694],[15.001263,1.870496,0.438398]]},{"name":"bone02","parent":"up","initpos":[2.025384,-0.009333,2.296705],"initquaternion":[0.102401,-0.104515,0.989192,0.009432],"initscale":[0.999999,0.999999,0.999999],"offmtx":[[-7.892379585427989e-7,-0.997745,0.067106,13.949543],[1.0,-1.886439662257544e-7,0.000008,-0.000023],[-0.000008,0.067106,0.997745,-3.240109]],"boundingbox":[[-0.088384,-3.000009,-0.490002],[10.918933,3.000007,0.593967]]},{"name":"bone01","parent":"up","initpos":[1.183048,-0.005459,-2.789605],"initquaternion":[-0.061048,0.000146,0.998132,0.0023],"initscale":[0.999999,1.0,0.999999],"offmtx":[[2.2213166062101664e-7,-1.0,0.0,13.293184],[1.0,2.2213166062101664e-7,0.000008,0.00002],[-0.000008,-0.0,1.0,2.789605]],"boundingbox":[[-0.009381,-3.000004,-0.312376],[7.99062,3.000005,0.687675]]},{"name":"down","parent":"waist","initpos":[0.0,0.0,-0.0],"initquaternion":[0.0,0.0,0.0,1.0],"initscale":[1.0,1.0,1.0],"offmtx":[[1.0,0.0,0.0,0.0],[0.0,1.0,0.0,0.0],[0.0,0.0,1.0,0.0]],"boundingbox":[[0.0,0.0,0.0],[0.0,0.0,0.0]]},{"name":"l_leg","parent":"down","initpos":[-0.092529,-2.035489,9.5367431640625e-7],"initquaternion":[-0.052079,0.010171,0.998557,0.00815],"initscale":[1.0,1.0,1.0],"offmtx":[[4.1075077206187418e-7,-1.0,0.0,12.017593],[1.0,4.1075077206187418e-7,0.000008,-2.035494],[-0.000008,-0.0,1.0,0.000017]],"boundingbox":[[-0.032442,-2.000852,-2.046257],[11.999966,2.06912,2.034429]]},{"name":"r_leg","parent":"down","initpos":[-0.092531,1.968815,-0.0],"initquaternion":[0.114742,-0.115639,0.986453,0.019272],"initscale":[1.0,1.0,1.0],"offmtx":[[4.1075077206187418e-7,-1.0,0.0,12.017594],[1.0,4.1075077206187418e-7,0.000008,1.96881],[-0.000008,-0.0,1.0,-0.000016]],"boundingbox":[[-0.032443,-2.054918,-2.046256],[11.999966,2.015054,2.03443]]}],"boundingbox":[[-31.032653,0.017627,-13.965119],[31.032653,33.650783,4.240005]]}