{"skeleton":[{"name":"RootNode","parent":"RootNode","initpos":[0.0,0.0,-0.0],"initquaternion":[0.0,0.0,0.0,1.0],"initscale":[1.0,1.0,1.0],"offmtx":[[1.0,0.0,0.0,0.0],[0.0,1.0,0.0,0.0],[0.0,0.0,1.0,0.0]],"boundingbox":[[0.0,0.0,0.0],[0.0,0.0,0.0]]},{"name":"body","parent":"RootNode","initpos":[0.0,0.0,-0.0],"initquaternion":[0.0,0.0,0.0,1.0],"initscale":[1.0,1.0,1.0],"offmtx":[[1.0,-0.000005,9.999999974752428e-7,0.000004],[0.0,-0.158766,-0.987316,1.486777],[0.000006,0.987316,-0.158766,-0.773764]],"boundingbox":[[-5.468892,-2.989158,-1.948883],[5.468899,4.519551,1.760906]]},{"name":"inkSquid","parent":"RootNode","initpos":[0.0,0.0,-0.0],"initquaternion":[0.0,0.0,0.0,1.0],"initscale":[1.0,1.0,1.0],"offmtx":[[1.0,0.0,0.0,0.0],[0.0,1.0,0.0,0.0],[0.0,0.0,1.0,0.0]],"boundingbox":[[0.0,0.0,0.0],[0.0,0.0,0.0]]},{"name":"root","parent":"inkSquid","initpos":[0.0,0.0,-0.0],"initquaternion":[0.0,0.0,0.0,1.0],"initscale":[1.0,1.0,1.0],"offmtx":[[1.0,0.0,0.0,0.0],[0.0,1.0,0.0,0.0],[0.0,0.0,1.0,0.0]],"boundingbox":[[0.0,0.0,0.0],[0.0,0.0,0.0]]},{"name":"body","parent":"root","initpos":[0.0,1.0,1.345072],"initquaternion":[-0.761172,0.000001,-0.000002,0.648549],"initscale":[1.0,0.999999,0.999999],"offmtx":[[1.0,-0.000005,9.999999974752428e-7,0.000004],[0.0,-0.158766,-0.987316,1.486777],[0.000006,0.987316,-0.158766,-0.773764]],"boundingbox":[[0.0,0.0,0.0],[0.0,0.0,0.0]]},{"name":"ten1.R","parent":"body","initpos":[-1.929676,0.527829,-0.55992],"initquaternion":[0.980667,-0.176375,-0.026333,-0.080559],"initscale":[1.000001,1.0,1.000001],"offmtx":[[0.936394,-0.024806,0.350065,1.496405],[-0.350174,-0.0,0.936684,-1.530759],[-0.023236,-0.999691,-0.008686,0.32637]],"boundingbox":[[-1.233004,0.369092,-0.493399],[2.308048,3.948801,0.593545]]},{"name":"ten2.R","parent":"ten1.R","initpos":[-0.000005,3.84671,1.4810225934525079e-7],"initquaternion":[-0.000648,0.0,-0.02615,0.999657],"initscale":[1.0,1.0,1.0],"offmtx":[[0.953421,-0.024806,0.300613,1.775526],[-0.300706,0.0,0.953716,-5.292295],[-0.023658,-0.999691,-0.007459,0.319444]],"boundingbox":[[-1.065711,0.02283,-0.497101],[2.457211,6.52283,0.589394]]},{"name":"ten1.L","parent":"body","initpos":[1.929683,0.527829,-0.559896],"initquaternion":[0.980667,0.176375,0.026337,-0.080558],"initscale":[0.999999,1.0,0.999999],"offmtx":[[0.936397,0.024805,-0.350065,-1.49641],[0.350173,0.0,0.936685,-1.530758],[0.023234,-0.999692,-0.008686,0.326374]],"boundingbox":[[-2.308049,0.369094,-0.493395],[1.233007,3.948802,0.593544]]},{"name":"ten2.L","parent":"ten1.L","initpos":[0.00001,3.84671,2.600524169338314e-7],"initquaternion":[-0.000648,-0.0,0.02615,0.999657],"initscale":[1.0,1.0,1.0],"offmtx":[[0.953424,0.024805,-0.300613,-1.775537],[0.300705,-0.0,0.953716,-5.292293],[0.023656,-0.999692,-0.007459,0.319448]],"boundingbox":[[-2.457212,0.02283,-0.497096],[1.065713,6.52283,0.589393]]},{"name":"head","parent":"body","initpos":[-1.7382400585574943e-7,5.005634,0.000004],"initquaternion":[0.079635,-0.0,4.984121346751635e-7,0.996824],"initscale":[1.0,1.0,1.0],"offmtx":[[1.0,-0.000006,0.0,0.000001],[0.0,0.0,-1.0,-3.597072],[0.000006,1.0,0.0,-0.20528]],"boundingbox":[[-4.949758,-1.486651,-0.705294],[4.949748,4.424409,1.794749]]}],"boundingbox":[[-6.244526,-0.5,-8.021481],[6.244526,2.29777,11.021022]]}